"","X","X.1","Jan","Feb","Mar","Apr","May","June","July","Aug","Sep","Oct","Nov","Dec","Q1","Q2","Q3","Q4","Jan.Dec","Budget","Actual.as"
"1","","",NA,NA,NA,NA,NA,NA,NA,NA,NA,NA,NA,NA,NA,NA,NA,NA,NA,2020,"% of Budget"
"2","Total Net Revenue (Commitment Basis)","",1263.5,1201.1,902,765.2,849,742,811.4,962.1,1112.4,1061.4,1064.4,1097.8,3366.6,2356.2,2885.8,3223.6,11832.3,8358,"142%"
"3","Total Net Revenue (Cash Basis)","",1224.5,1159.7,1006.2,1265.3,194.3,258,242.4,286.5,411.4,380.6,299.6,5159,3390.3,1717.6,940.3,5839.2,11887.5,8358,"142%"
"4","Gross Domestic Revenue (Commitment Basis)","",597.7,506.5,243.4,127.3,204.3,295.6,256.7,296.8,449,390.7,315.3,449.8,1347.6,627.2,1002.5,1155.8,4133.2,1863,"222%"
"5","Tax","",376.2,339.3,146,106.7,153.3,213.6,166,186.9,206.4,192.2,222.7,214.4,861.4,473.6,559.2,629.2,2523.5,1184,"213%"
"6","Nontax","",112.3,137,86.6,20,39.3,55,75.4,83.7,209.7,167.6,70.1,217.2,335.9,114.2,368.9,454.9,1273.9,553,"230%"
"7","Earmarked Collections (1)","",109.2,30.2,10.8,0.6,11.6,27.1,15.3,26.3,32.8,31,22.5,18.3,150.3,39.3,74.4,71.8,335.8,126,"267%"
"8","Clearance Revenue (Accrued)","",700.5,746.1,717.7,649.8,658.3,476.3,569,684.3,706,684.3,767.5,731.1,2164.3,1784.4,1959.2,2182.9,8090.8,6835,"118%"
"9","Clearance Revenue (Cash Basis)","",658.6,704.2,794.4,1150,0,0,0,0,0,0,0,4734.7,2157.1,1150,0,4734.7,8041.8,6835,"118%"
"10","Clearance Revenue Withheld  (2)","",41.9,41.9,-76.6,-500.2,658.3,476.3,569,684.3,706,684.3,767.5,-4003.6,7.2,634.4,1959.2,-2551.8,49,NA,""
"11","Tax Refunds (Commitment Basis)","",34.7,51.5,59.1,12,13.5,29.8,14.4,19.1,42.6,13.6,18.3,83.1,145.3,55.3,76,115.1,391.8,340,"115%"
"12","Tax Refunds (Cash Basis)","",31.8,51,31.6,12,10,37.6,14.3,10.3,37.6,10.1,15.7,25.5,114.4,59.6,62.2,51.3,287.6,340,"85%"
"13","Tax Refund (Arrears)","",2.9,0.5,27.5,0,3.5,-7.8,0,8.7,5,3.5,2.6,57.7,30.9,-4.3,13.8,63.8,104.2,NA,""
"14","Total Expenditure & Net lending (Commitment Basis)","",1009,1198.8,1151.2,1294.7,1117.4,963.1,1455.4,1149.7,1256.8,1293.6,1258,3346,3359.1,3375.3,3862,5897.6,16493.9,16387,"101%"
"15","Total Expenditure & Net lending (Cash Basis)","",783.5,1085.7,1028.5,1142,288.6,49.7,1309.7,120.7,1074.1,151.3,662.3,5623.7,2897.8,1480.3,2504.6,6437.3,13320,16387,"81%"
"16","Total Expenditure & Net lending (Arrears)","",225.5,113.1,122.7,152.7,828.9,913.4,145.7,1029,182.7,1142.2,595.8,-2277.7,461.3,1895,1357.4,-539.7,3173.9,NA,""
"17","Wages and salaries (arrears)","",53.8,49.5,51.7,53.6,519.2,513,-13.6,553.4,-54.6,532.2,238.1,-1978.8,155.1,1085.9,485.2,-1208.5,517.6,NA,""
"18","Gov. Social contributions (arrears)","",55.2,34.6,34.4,34.5,46.6,55.2,35.3,58.2,41.9,56,45.6,-49.8,124.3,136.3,135.5,51.8,447.9,NA,""
"19","Use of goods and services (arrears)","",0.2,26.9,27.3,28.8,113.6,155.7,54.5,125.1,151.5,225.7,227.9,133.9,54.4,298.1,331.1,587.5,1271.1,NA,""
"20","Transfers (arrears)","",1.3,8.8,15,9.1,157.7,165.9,60.3,252.3,-6.6,305.1,58.4,-362.1,25,332.6,306,1.4,665.1,NA,""
"21","Minor capital (arrears)","",0,0.2,0.3,7.7,0.5,6.2,0.9,7.5,14.3,11.6,7.3,7.7,0.6,14.4,22.7,26.7,64.3,NA,""
"22","Interest (arrears)","",5.8,0,-0.9,19,-6.7,7.2,9.3,10.8,9.8,1.4,11.2,-12.6,4.8,19.6,29.9,0,54.4,NA,""
"23","Domestic (arrears)","",5.8,0,-1,16.2,3.9,5.1,9.3,9.8,10.7,2.5,9.4,-9,4.8,25.2,29.8,2.9,62.7,NA,""
"24","External (arrears)","",0,0,0,2.8,-10.6,2.1,0,1.1,-1,-1,1.8,-3.6,0,-5.7,0.1,-2.8,-8.4,NA,""
"25","Net lending (arrears) (3)","",0,0,0,0,0,0,0,0,0,0,0,0,0,0,0,0,0,NA,""
"26","Earmarked Payments (Arrears) (1)","",109.2,-6.9,-5.2,0.1,-2.1,10.1,-1,21.7,26.4,10.1,7.3,-16,97.1,8.1,47.1,1.4,153.7,NA,""
"27","Current Balance (Commitment Basis)","",254.4,2.3,-249.2,-529.5,-268.4,-221.1,-644.1,-187.7,-144.4,-232.2,-193.6,-2248.2,7.6,-1019,-976.2,-2674,-4661.6,-8029,"58%"
"28","Current Balance (Cash Basis)","",440.9,74,-22.4,123.4,-94.3,208.2,-1067.3,165.8,-662.7,229.3,-362.7,-464.7,492.6,237.3,-1564.3,-598.1,-1432.5,-8029,"18%"
"29","Development Expenditure (Commitment Basis)","",6.3,65.3,76.4,46.9,46.9,83,79,72.3,93.8,92.3,108.4,182,148,176.8,245.1,382.7,952.6,1400,"68%"
"30","Development Expenditure (Cash Basis)","",6.2,23.3,45.8,30.4,37.5,47.2,45,39.9,48.2,50.2,62.2,136.2,75.4,115.1,133.1,248.5,572.2,1400,"41%"
"31","Development Expenditure (Arrears)","",0,42,30.5,16.5,9.4,35.8,34,32.4,45.6,42.1,46.2,45.8,72.6,61.7,112,134.2,380.4,NA,""
"32","Balance (Commitment Basis)","",248.1,-63,-325.5,-576.4,-315.3,-304,-723.1,-260,-238.2,-324.5,-302,-2430.2,-140.4,-1195.8,-1221.3,-3056.7,-5614.2,-9429,"60%"
"33","Balance (Cash Basis)","",434.7,50.6,-68.2,92.9,-131.8,161.1,-1112.3,125.9,-710.9,179.1,-424.9,-600.9,417.1,122.2,-1697.4,-846.6,-2004.7,-9429,"21%"
"34","Financing","",-434.7,-50.6,68.2,-92.9,131.8,-161.1,1112.3,-125.9,710.9,-179.1,424.9,600.9,-417.1,-122.2,1697.4,846.6,2004.7,9429,"21%"
"35","External Budgetary Support","",0,138.4,108.1,194.3,282.7,67.4,102.6,78.7,96.5,41,37,73.3,246.5,544.3,277.8,151.3,1219.9,1509,"81%"
"36","Development Financing","",6.1,13.1,19.4,56.7,46.2,51.2,17.5,53.6,50,31.7,39,67.5,38.6,154.1,121.2,138.2,452.1,720,"63%"
"37","Net Domestic Bank Financing  (4)","",-393.1,-109.4,36.9,-292.2,-91.5,-189.7,1054.2,-159.7,741.6,-150.8,450,999.1,-465.6,-573.4,1636.1,1298.3,1895.4,2160,"88%"
"38","G&S and Dev. Arrears Payments  (stock) (5)","",-46.9,-98.5,-94.3,-50.5,-101.9,-94.3,-65.6,-99.7,-178.8,-98.5,-101.8,-531.5,-239.7,-246.7,-344.1,-731.8,-1562.4,-1440,"108%"
"39","Residual","",-0.7,5.7,-1.9,-1.2,-3.8,4.4,3.6,1.2,1.6,-2.5,0.7,-7.6,3.1,-0.6,6.4,-9.4,-0.4,NA,""
"40","Memorandum Items:","Dec 2019",NA,NA,NA,NA,NA,NA,NA,NA,NA,NA,NA,NA,NA,NA,NA,NA,NA,NA,""
"41","Previous years arrears","",NA,NA,NA,NA,NA,NA,NA,NA,NA,NA,NA,NA,NA,NA,NA,NA,NA,NA,""
"42","Total stock of arrears of previous years","4516.5",4469.6,4371.1,4276.8,4226.3,4124.4,4030.1,3964.5,3864.7,3685.9,3587.4,3485.6,2954.1,NA,NA,NA,NA,NA,NA,""
"43","of which : Private sector","2106.2",NA,NA,NA,NA,NA,NA,NA,NA,NA,NA,NA,NA,NA,NA,NA,NA,NA,NA,""
"44","Other","2410.4",NA,NA,NA,NA,NA,NA,NA,NA,NA,NA,NA,NA,NA,NA,NA,NA,NA,NA,""
"45","","",NA,NA,NA,NA,NA,NA,NA,NA,NA,NA,NA,NA,NA,NA,NA,NA,NA,NA,""
"46","Repayment of previous years' arrears","",46.9,98.5,94.3,50.5,101.9,94.3,65.6,99.7,178.8,98.5,101.8,531.5,NA,NA,NA,NA,NA,NA,""
"47","Private sector","",31.9,84.3,72.7,39.6,97.1,69.4,61,79.6,128.1,28.1,94.6,285.4,NA,NA,NA,NA,NA,NA,""
"48","Government Promisary Note (6)","",15,10,19.7,10.8,0,23,0,15.3,23.4,65.3,1.6,229.4,NA,NA,NA,NA,NA,NA,""
"49","Other","",0,4.2,1.9,0.1,4.8,1.9,4.6,4.9,27.3,5.1,5.6,16.8,NA,NA,NA,NA,NA,NA,""
"50","Currnent Year arrears","",NA,NA,NA,NA,NA,NA,NA,NA,NA,NA,NA,NA,NA,NA,NA,NA,NA,NA,""
"51","Total new Arrears for the month 2020","",228.4,155.6,180.7,169.2,841.8,941.4,179.8,1070.1,233.3,1187.9,644.6,-2174.2,NA,NA,NA,NA,NA,NA,""
"52","Private sector","",3.13,69.54,85.73,52.93,127.06,189.91,89.41,173.69,216.4,283.02,283.98,245.16,NA,NA,NA,NA,NA,NA,""
"53","Other","",225.31,86.03,95.01,116.27,714.76,751.49,90.34,896.43,16.86,904.87,360.61,-2419.4,NA,NA,NA,NA,NA,NA,""
"54","Net Total Arrears accumulated 2020","",228.4,384,564.7,734,1575.8,2517.2,2696.9,3767,4000.3,5188.2,5832.8,3658.6,NA,NA,NA,NA,NA,NA,""
"55","Private sector","",3.1,72.7,158.4,211.3,338.4,528.3,617.7,791.4,1007.8,1290.8,1574.8,1820,NA,NA,NA,NA,NA,NA,""
"56","Other","",225.3,311.3,406.3,522.6,1237.4,1988.9,2079.2,2975.6,2992.5,3897.4,4258,1838.6,NA,NA,NA,NA,NA,NA,""
"57","Total Arrears accumulated 2020","",4698,4755.1,4841.5,4960.2,5700.2,6547.3,6661.4,7631.8,7686.2,8775.6,9318.4,6612.7,NA,NA,NA,NA,NA,NA,""
"58","Budget Exchange Rate (NIS/USD)","",3.6,3.6,3.6,3.6,3.6,3.6,3.6,3.6,3.6,3.6,3.6,3.6,3.6,3.6,3.6,3.6,3.6,NA,""
"59","Actual Exchange Rate (NIS/USD)","",3.46,3.44,3.54,3.54,3.51,3.45,3.42,3.37,3.43,3.39,3.35,3.25,3.48,3.5,3.41,3.33,3.43,NA,""
