"","X","X.1","X.2","X.3","X.4","X.5","X.6","X.7","X.8","X.9","X.10","X.11","X.12","X.13","X.14","X.15","Budget","Actual.as"
"1","","","Jan","Feb","Mar","Apr","May","June","July","Aug","Sep","Oct","Q1","Q2","Q3","Jan-oct",NA,""
"2","","","","","","","","","","","","","","","","",2020,"% of Budget"
"3","Total Net Revenue (Commitment Basis)","","1263.5","1201.1","902.1","765.2","849.0","265.8","242.4","277.8","406.4","377.1","3366.7","1880.0","926.5","6550.3",8358,"78%"
"4","Total Net Revenue (Cash Basis)","","1224.5","1159.7","1006.2","1265.3","194.3","258.0","242.4","286.5","411.4","380.6","3390.4","1717.6","940.3","6428.9",8358,"77%"
"5","Gross Domestic Revenue (Commitment Basis)","","597.7","506.5","243.5","127.3","204.3","295.6","256.7","296.8","449.0","390.7","1347.7","627.2","1002.5","3368.1",1863,"181%"
"6","Tax","","376.2","339.3","146.0","106.7","153.3","213.6","166.0","186.9","206.4","192.2","861.4","473.6","559.2","2086.5",1184,"176%"
"7","Nontax","","112.3","137.0","86.6","20.0","39.3","55.0","75.4","83.7","209.7","167.6","335.9","114.2","368.9","986.6",553,"178%"
"8","Earmarked Collections (1)","","109.2","30.2","10.9","0.6","11.6","27.1","15.3","26.3","32.8","31.0","150.4","39.3","74.4","295.1",126,"234%"
"9","Clearance Revenue (Accrued)","","700.5","746.1","717.7","649.8","658.3","","0.0","0.0","0.0","0.0","2164.3","1308.1","0.0","3472.5",6835,"51%"
"10","Clearance Revenue (Cash Basis)","","658.6","704.2","794.4","1150.0","0.0","0.0","0.0","0.0","0.0","0.0","2157.1","1150.0","0.0","3307.1",6835,"48%"
"11","Clearance Revenue Withheld  (2)","","41.9","41.9","-76.6","-500.2","658.3","0.0","0.0","0.0","0.0","0.0","7.2","158.1","0.0","165.3",NA,""
"12","Tax Refunds (Commitment Basis)","","34.7","51.5","59.1","12.0","13.5","29.8","14.4","19.1","42.6","13.6","145.3","55.3","76.0","290.3",340,"85%"
"13","Tax Refunds (Cash Basis)","","31.8","51.0","31.6","12.0","10.0","37.6","14.3","10.3","37.6","10.1","114.4","59.6","62.2","246.3",340,"72%"
"14","Tax Refund (Arrears)","","2.9","0.5","27.5","0.0","3.5","-7.8","0.0","8.7","5.0","3.5","30.9","-4.3","13.8","43.9",NA,""
"15","Total Expenditure & Net lending (Commitment Basis)","","1009.0","1198.8","1151.3","1294.7","1223.9","963.1","1455.4","1149.7","1256.8","1293.4","3359.1","3481.7","3862.0","11996.2",16387,"73%"
"16","Total Expenditure & Net lending (Cash Basis)","","783.5","1085.7","1028.5","1142.0","287.4","49.7","1309.7","120.8","1074.1","151.3","2897.8","1479.1","2504.6","7032.9",16387,"43%"
"17","Total Expenditure & Net lending (Arrears)","","225.5","113.1","122.7","152.7","936.5","913.4","145.7","1029.0","182.7","1142.1","461.3","2002.6","1357.4","4963.3",NA,""
"18","Wages and salaries (arrears)","","53.8","49.5","51.7","53.6","519.2","513.0","-13.6","553.4","-54.6","532.2","155.1","1085.9","485.2","2258.3",NA,""
"19","Gov. Social contributions (arrears)","","55.2","34.6","34.4","34.5","46.6","55.2","35.3","58.2","41.9","56.0","124.3","136.3","135.5","452.1",NA,""
"20","Use of goods and services (arrears)","","0.2","26.9","27.3","28.8","113.6","155.7","54.5","125.1","151.5","225.7","54.4","298.1","331.1","909.3",NA,""
"21","Transfers (arrears)","","1.3","8.8","15.0","9.1","157.7","165.9","60.3","252.3","-6.6","305.1","25.0","332.6","306.0","968.8",NA,""
"22","Minor capital (arrears)","","0.0","0.2","0.3","7.7","0.5","6.2","0.9","7.5","14.3","11.6","0.6","14.4","22.6","49.2",NA,""
"23","Interest (arrears)","","5.8","0.0","-0.9","19.0","-6.7","7.2","9.3","10.8","9.8","1.4","4.8","19.6","29.9","55.8",NA,""
"24","Domestic (arrears)","","5.8","0.0","-1.0","16.2","3.9","5.1","9.3","9.8","10.7","2.5","4.8","25.2","29.8","62.3",NA,""
"25","External (arrears)","","0.0","0.0","0.0","2.8","-10.6","2.1","0.0","1.1","-1.0","-1.0","0.0","-5.7","0.1","-6.6",NA,""
"26","Net lending (arrears) (3)","","0.0","0.0","0.0","0.0","107.6","0.0","0.0","0.0","0.0","-0.2","0.0","107.6","0.0","107.4",NA,""
"27","Earmarked Payments (Arrears) (1)","","109.2","-6.9","-5.1","0.1","-2.1","10.1","-1.0","21.7","26.4","10.1","97.2","8.1","47.1","162.5",NA,""
"28","Current Balance (Commitment Basis)","","254.4","2.3","-249.2","-529.5","-374.9","-697.4","-1213.1","-871.9","-850.4","-916.3","7.6","-1601.8","-2935.4","-5445.9",-8029,"68%"
"29","Current Balance (Cash Basis)","","440.9","74.0","-22.3","123.4","-93.2","208.2","-1067.3","165.7","-662.7","229.3","492.6","238.4","-1564.3","-604.0",-8029,"8%"
"30","Development Expenditure (Commitment Basis)","","6.3","65.3","76.4","46.9","46.9","83.0","79.0","72.3","93.8","92.3","148.0","176.8","245.1","662.2",1400,"47%"
"31","Development Expenditure (Cash Basis)","","6.2","23.3","45.8","30.4","37.5","47.2","45.0","39.9","48.2","50.2","75.4","115.1","133.2","373.9",1400,"27%"
"32","Development Expenditure (Arrears)","","0.0","42.0","30.5","16.5","9.4","35.8","34.0","32.4","45.5","42.1","72.6","61.7","112.0","288.3",NA,""
"33","Balance (Commitment Basis)","","248.1","-63.0","-325.5","-576.4","-421.8","-780.3","-1292.1","-944.3","-944.2","-1008.6","-140.4","-1778.6","-3180.5","-6108.1",-9429,"65%"
"34","Balance (Cash Basis)","","434.7","50.6","-68.1","92.9","-130.7","161.1","-1112.3","125.8","-710.9","179.1","417.2","123.3","-1697.4","-977.8",-9429,"10%"
"35","Financing","","-434.7","-50.6","68.1","-92.9","130.7","-161.1","1112.3","-125.8","710.9","-179.1","-417.2","-123.3","1697.4","977.8",9429,"10%"
"36","External Budgetary Support","","0.0","138.4","108.1","194.3","282.7","67.4","99.4","78.7","75.7","41.0","246.5","544.3","253.8","1085.5",1509,"72%"
"37","Development Financing","","2.1","12.3","17.6","54.1","43.6","47.9","19.8","49.4","23.6","23.3","32.1","145.5","92.9","293.7",720,"41%"
"38","Net Domestic Bank Financing  (4)","","-389.2","-108.6","38.7","-289.6","-87.6","-186.4","1055.2","-155.5","788.8","-142.3","-459.2","-563.5","1688.5","523.5",2160,"24%"
"39","G&S and Dev. Arrears Payments  (stock) (5)","","-46.9","-98.5","-94.3","-50.5","-101.9","-94.3","-65.6","-99.7","-178.8","-98.5","-239.7","-246.7","-344.1","-929.1",-1440,"65%"
"40","Residual","","-0.7","5.7","-1.9","-1.2","-6.2","4.4","3.6","1.2","1.6","-2.5","3.1","-3.0","6.5","4.1",NA,""
"41","Memorandum Items:","Dec 2019","","","","","","","","","","","","","","",NA,""
"42","Previous years arrears","","","","","","","","","","","","","","","",NA,""
"43","Total stock of arrears of previous years","4516.5","4469.6","4371.1","4276.8","4226.3","4124.4","4030.1","3964.5","3864.7","3685.9","3587.4","","","","",NA,""
"44","of which : Private sector","2106.2","","","","","","","","","","","","","","",NA,""
"45","Other","2410.4","","","","","","","","","","","","","","",NA,""
"46","","","","","","","","","","","","","","","","",NA,""
"47","Repayment of previous years' arrears","","46.9","98.5","94.3","50.5","101.9","94.3","65.6","99.7","178.8","98.5","","","","",NA,""
"48","Private sector","","31.9","84.3","72.7","39.6","97.1","69.4","61.0","79.6","128.1","28.1","","","","",NA,""
"49","Government Promisary Note (6)","","15.0","10.0","19.7","10.8","0.0","23.0","0.0","15.3","23.4","65.3","","","","",NA,""
"50","Other","","0.0","4.2","1.9","0.1","4.8","1.9","4.6","4.9","27.3","5.1","","","","",NA,""
"51","Currnent Year arrears","","","","","","","","","","","","","","","",NA,""
"52","Total new Arrears for the month 2020","","228.4","155.6","180.8","169.2","841.8","941.4","179.8","1070.1","233.2","1187.9","","","","",NA,""
"53","Private sector","","3.13","69.54","85.73","52.93","127.06","189.91","89.41","173.67","216.38","283.02","","","","",NA,""
"54","Other","","225.31","86.03","95.05","116.27","714.76","751.49","90.34","896.43","16.86","904.87","","","","",NA,""
"55","Net Total Arrears accumulated 2020","","228.4","384.0","564.8","734.0","1575.8","2517.2","2697.0","3767.1","4000.3","5188.2","","","","",NA,""
"56","Private sector","","3.1","72.7","158.4","211.3","338.4","528.3","617.7","791.4","1007.8","1290.8","","","","",NA,""
"57","Other","","225.3","311.3","406.4","522.7","1237.4","1988.9","2079.2","2975.7","2992.5","3897.4","","","","",NA,""
"58","Total Arrears accumulated 2020","","4698.0","4755.1","4841.6","4960.3","5700.2","6547.3","6661.4","7631.8","7686.2","8775.6","","","","",NA,""
"59","Budget Exchange Rate (NIS/USD)","","3.60","3.60","3.60","3.60","3.60","3.60","3.60","3.60","3.60","3.60","3.60","3.60","3.60","3.60",NA,""
"60","Actual Exchange Rate (NIS/USD)","","3.46","3.44","3.54","3.54","3.51","3.45","3.42","3.37","3.43","3.39","3.48","3.50","3.41","3.46",NA,""
